#time		flux		flux_err
2458918.124880498	0.9999796708099754	0.00015991205370764622
2458918.125228298	1.0001199918832147	0.0001602334216785983
2458918.125576098	0.9998041969441748	0.0001601027106386151
2458918.1259238985	1.000125239396932	0.00016017200880149077
2458918.126271698	1.0000287592010912	0.00016024881690595758
2458918.126619498	0.9999581906184547	0.00016004960556780364
2458918.1269672923	1.0000519058358728	0.0001605961846226609
2458918.1273150863	1.0000681916559	0.00016019958748397957
2458918.1276628864	0.9998121115202837	0.00016022101510109005
2458918.128010686	0.999931655913603	0.0001604383005574757
2458918.128358487	0.9998919009059959	0.00015999829961998527
2458918.1287062867	0.9998912174760611	0.00016048939087212697
2458918.1290540863	1.0001759589194945	0.00016044070525545416
2458918.129401887	0.9998253082299501	0.00016040914800636194
2458918.1297496865	1.0003774424172533	0.00016043703412649718
2458918.1300974865	0.9998382986224631	0.00015999047063729145
2458918.130445286	1.0000536095174766	0.00015995546185638997
2458918.1307930863	1.0001398471591598	0.0001601247743838514
2458918.1311408747	1.0000487692003264	0.00015986659474229287
2458918.131488675	0.9998550073126745	0.00016002460329160554
2458918.131836475	0.9999604089155615	0.00016035883875292813
2458918.132184275	0.9999231192363539	0.00016005935520707577
2458918.132532075	1.0001135225349786	0.00016031425931914154
2458918.136357863	1.0000745805739035	0.00016035921621492227
2458918.136705663	1.0001082604905198	0.00016031126646770825
2458918.137053463	1.0000585894147647	0.00015972386522465125
2458918.1374012628	1.0000351004871362	0.0001603753359277278
2458918.1377490633	0.9998310627073117	0.00016005639714441328
2458918.1380968634	0.9997576819223146	0.00016035295662268065
2458918.1384446635	1.000154910164453	0.00015966171855379233
2458918.138792463	1.0001475391038013	0.0001602295237544476
2458918.139140263	0.9999529456996388	0.0001597855076535004
2458918.1394880516	1.0002071144019802	0.00016031279091421316
2458918.1398358517	0.9999850305297547	0.00016031200241854894
2458918.1401836514	1.0000839465794527	0.0001601824768904515
2458918.1405314514	1.00023416348181	0.0001601262526179284
2458918.140879252	1.0000097138241222	0.0001601727749284746
2458918.1412270516	0.9999962878269703	0.0001602096583189047
2458918.1415748517	1.0001288540419377	0.00015995720863839547
2458918.141922652	0.9998507068332405	0.0001599894452434551
2458918.1422704514	1.000239418420843	0.0001601252491501913
2458918.1426182515	0.999829802105876	0.00015982814603825396
2458918.1429660516	1.0003399828955053	0.00015988297661643838
2458918.1433138517	1.0000293478535538	0.00016032657763977363
2458918.1436616452	1.00000669945897	0.00016028270230020227
2458918.1440094397	1.000203075646129	0.00016010055465782877
2458918.1443572403	1.0002337566913404	0.0001601350115232195
2458918.14470504	1.000274893722869	0.00016062786979737572
2458918.14505284	0.9999815321920781	0.00016016974114849977
2458918.14540064	0.9999412463706051	0.0001601020270087084
2458918.14574844	0.9999104233362621	0.00016012577186648474
2458918.14609624	0.9999523653927652	0.00016012752652322273
2458918.1464440394	1.0001749791723877	0.0001597619029226804
2458918.14679184	1.0000380425798885	0.0001602256952148928
2458918.1471396396	0.9998980111763769	0.00016000459857385449
2458918.1474874397	0.9998651975857193	0.00016035610015136987
2458918.14783524	1.0000957777043102	0.00016007820289029576
2458918.1481830287	1.0000508926606466	0.00015999863521810162
2458918.1485308283	1.0002622885019758	0.00016026950380883384
2458918.148878628	0.999911593528686	0.00016010456001485239
2458918.1492264285	0.999749496726193	0.00016016576917327993
2458918.149574228	0.9998105017477712	0.00016005273379128697
2458918.149922028	1.0001971708514306	0.0001597931214252236
2458918.150269828	1.0002210011182844	0.00015995277195062882
2458918.150617628	1.0004367851521874	0.00016016494815732573
2458918.150965428	1.0000429417183865	0.00016025105396877127
2458918.1513132276	0.9998262638527267	0.0001605155480872233
2458918.1516610286	0.9999306746484804	0.0001600434739010581
2458918.1520088282	0.9999817115764353	0.00015982659485798718
2458918.1523566167	0.9998768861733207	0.0001602423883420858
2458918.1527044163	0.9998274334447754	0.00015991500998870447
2458918.1530522164	1.000002491207035	0.00016016110477156767
2458918.1534000165	1.0002037697671422	0.00015991206346175653
2458918.153747816	1.0002092230082213	0.00016036056228015133
2458918.154095616	0.9997912205063219	0.00016004287381377483
2458918.1544434163	0.9999037087911373	0.00016039866921267195
2458918.154791216	0.9997753066924643	0.00016030298344530086
2458918.155139016	1.0002193769671994	0.00016036231249682323
2458918.1554868165	0.9998172038062815	0.00016010784260744399
2458918.1558346166	1.0000964293114276	0.0001601787662286097
2458918.1561824162	0.9998089155294724	0.0001602600101976034
2458918.1565302107	1.0000080456760323	0.0001600680719300071
2458918.156878005	1.0002110744502157	0.00016012845289977858
2458918.1572258044	1.0000486473620023	0.0001603217453916036
2458918.1575736045	0.9999354949102058	0.0001601272331886614
2458918.1579214046	0.9998454179243328	0.00016025852947296773
2458918.1582692047	1.0002672844729597	0.0001601607157352536
2458918.1586170043	1.0001291694403602	0.00016034201537242033
2458918.1589648044	0.9997414622293727	0.00016016960972233283
2458918.1593126045	0.9998485933279293	0.00016009884505347716
2458918.1596604045	0.9998297987572473	0.00016003207863104872
2458918.1600082046	1.0001616674379428	0.00016041112289713619
2458918.1603560047	1.0001063161881352	0.00016002765648843708
2458918.160703793	0.9999786805213916	0.00016020901656457087
2458918.161051593	0.9999397757268307	0.00016013785330592492
2458918.161399393	1.0001338995076106	0.00015990197799429812
2458918.161747193	0.9998386837117988	0.00016026863597956245
2458918.1620949926	1.0000004122254273	0.0001602125054643899
2458918.1624427927	0.9998041920466597	0.00016019249705211125
2458918.1627905928	0.9999920771684474	0.00016026891819707288
2458918.1631383924	1.000062211194841	0.0001601580293067959
2458918.1634861925	0.999984925243196	0.00015987400528838703
2458918.1638339926	0.9998647425185144	0.00016065327765068176
2458918.164181793	1.000045823694742	0.00016018155298603212
2458918.1645295927	1.000027814487276	0.00015986124332548473
2458918.1648773868	1.0000130085631387	0.00016012553553712891
2458918.1652251813	0.9999700039410966	0.000160125849141825
2458918.1659207926	0.999859889009014	0.0001602155057564314
2458918.1662685927	1.000262559325161	0.0001599359456238723
2458918.1666163923	0.9997854275203386	0.00016040316728971446
2458918.1669641924	1.0001000510251805	0.00015992034014774683
2458918.167311992	0.9998906500603919	0.0001604504933330029
2458918.1676597926	0.9998110466202518	0.00016010799047017104
2458918.168007592	1.0001447291481904	0.0001601375279872537
2458918.168355392	1.0001555117480108	0.00015995078341366357
2458918.168703192	1.0000278719685554	0.00016029050457669713
2458918.1690509925	1.0002526958480336	0.00016010221343226954
2458918.169398781	0.9999764430061496	0.00016026416030187615
2458918.1697465805	0.9999309801225301	0.00016016054441151057
2458918.170094381	1.000092536192756	0.00016027142776740982
2458918.1704421807	0.9998455985822358	0.00016009509142125063
2458918.170789981	1.0001701721228837	0.00015990900517302573
2458918.1711377804	1.000167268404817	0.00016005298125237275
2458918.1714855805	0.999796112599557	0.00016019580132808098
2458918.1718333806	1.0000508047546202	0.00015978115177211233
2458918.17218118	1.0002772374464999	0.00016029571033638397
2458918.1725289803	0.9999520309531006	0.0001605225748535917
2458918.1728767804	1.0000118763442483	0.00016016973779990149
2458918.1732245744	0.9999839669125217	0.0001601547283903224
2458918.1735723685	1.0001004326286267	0.00015987701952143406
2458918.1739201685	1.0000629624230857	0.00015991788778029473
2458918.174267969	1.000132831432192	0.0001600329681145601
2458918.1746157687	0.9999173854395946	0.00016027396154870478
2458918.174963569	0.9998291349767289	0.00016052753656783697
2458918.175311369	0.9998001151465453	0.00016036952201971228
2458918.1756591685	0.9996676720093512	0.0001601062593785488
2458918.1760069686	0.9997430453212958	0.00016016034478292255
2458918.1763547687	1.0001714046615182	0.0001603556832170029
2458918.176702569	0.9998093397274845	0.00016003385062004003
2458918.1770503684	1.000110231980462	0.00015984980087464557
2458918.1773981685	1.0000589617660165	0.00016023561427097317
2458918.177745957	0.9998775374811363	0.00015997989138943013
2458918.1780937565	0.9998869214946332	0.00015991056331947942
2458918.1784415566	0.9999891016334562	0.00016011258969234212
2458918.1787893567	0.9998957591186294	0.00015994464898907851
2458918.179137157	1.0000470510875223	0.00016033328730456368
2458918.1794849564	1.0002530393465565	0.0001601664299500349
2458918.1798327565	1.00001790706816	0.0001601544618291304
2458918.180180557	0.9999087317359467	0.0001603643201398319
2458918.1805283567	0.9999542115187157	0.0001601680335478228
2458918.180876157	1.0000301013706998	0.00015970615588244478
2458918.181223957	1.0000518615849696	0.00016003755026952818
2458918.181571751	1.000181404357104	0.000160035423095828
2458918.1819195505	1.0000459284409033	0.00016029309520778503
2458918.182267345	0.9998634217056344	0.00016022629511908945
2458918.182615145	1.0000116031677506	0.00016019883540337385
2458918.1829629447	0.9998496572260765	0.00016046252940046218
2458918.183310745	1.0000099556449533	0.00016027041381122954
2458918.183658545	0.9998999305530567	0.00015984979147539054
2458918.1840063445	1.0000020575806234	0.0001603489081577491
2458918.1843541446	0.9998106299113292	0.00016016442130848657
2458918.1847019447	1.0001046416255097	0.00015974753612815515
2458918.185049745	0.9998602850936239	0.00016011573876322337
2458918.1853975444	1.0001886803508238	0.00016014363252954362
2458918.185745344	0.9998783716963858	0.00015994178493750693
2458918.186093133	1.0002644736783093	0.00016063968121028408
2458918.1864409326	1.0001367016040965	0.00016047556427199093
2458918.186788733	1.0000600157353419	0.00016021556252475538
2458918.1871365327	1.0000668967600126	0.0001604939004457044
2458918.1874843333	0.9999760548597051	0.00016000864990170995
2458918.187832133	1.0003165478743603	0.00016033179448767375
2458918.1881799325	0.9998416397349529	0.0001599608430165958
2458918.188527733	1.0000646096346006	0.00016013066000377
2458918.1888755327	1.0002307483215331	0.0001599976561940734
2458918.189223333	1.0002107763083266	0.00015991939052778251
2458918.1895711324	0.9999547451650388	0.00016078588478225157
2458918.1899189325	1.0002135541216255	0.00015998284200776996
2458918.1902667265	0.9998267324709792	0.0001600884848990762
2458918.1906145206	0.9998130970409418	0.00016004311117984749
2458918.1909623207	1.0002962485366254	0.00015992223117434963
2458918.1913101207	0.9999993859789817	0.00016048473906034124
2458918.191657921	1.0000630209000267	0.0001600023776268308
2458918.1920057205	1.0002144425410284	0.00016004014346474016
2458918.1923535205	1.0001029858610522	0.00016027162475881792
2458918.1927013206	1.0001011158697617	0.00015996992995945052
2458918.1930491203	0.9998842180552653	0.00016006938914282106
2458918.1933969203	0.9998548477429661	0.0001605270440899341
2458918.1937447204	0.9999169143025308	0.00016055123540279433
2458918.19409252	0.9999614817097854	0.00016009484084266392
2458918.194440314	0.9998949501233482	0.0001602905106730453
2458918.1947881086	0.9999682499301	0.00016013065479070403
2458918.195135909	0.9998247523300557	0.00016028931454309682
2458918.1954837088	0.999772076401367	0.00016006852731952358
2458918.195831509	1.0001171007405538	0.00015976712516553134
2458918.196179309	0.999779358916838	0.00016024470995239934
2458918.1965271086	1.0003951455607467	0.00016006765060067968
2458918.1968749086	1.0001010890955895	0.0001599065547030372
2458918.1972227087	0.9999135885279034	0.00016021517493951433
2458918.197570509	0.9998970393763266	0.00015993206258402683
2458918.1979183084	0.9999403756751589	0.00016033443600222937
2458918.1982661085	0.9996258234458905	0.00016031184603944415
2458918.1986139086	1.0001412339109914	0.00016019729303851543
2458918.206613284	0.999806934657973	0.00016021452829528162
2458918.2069610846	0.9998597008771047	0.00016004206547225993
2458918.207308873	0.9999134124860601	0.0001600355229414532
2458918.2076566727	0.9998441031561089	0.00016007329485673142
2458918.2080044723	1.0000435530483236	0.0001600001886019482
2458918.208352273	0.9998272208813915	0.00015998664806605195
2458918.2087000725	0.9999193013438855	0.00016021744022607233
2458918.2090478726	0.9999258166942903	0.00016004697943769786
2458918.209395672	1.0000153683301785	0.00016044304663274494
2458918.2097434723	0.999603744815443	0.00016051179758445506
2458918.2100912724	0.9998944036979648	0.00015995853532287368
2458918.210439072	0.9997882927097299	0.0001602546586483462
2458918.2107868725	0.9998925250166707	0.00016047244625639777
2458918.211134672	1.0000284509636588	0.00016014645968172607
2458918.211482466	0.9997611021572288	0.0001601821516990861
2458918.21183026	0.9999889818098282	0.00015991382577306787
2458918.2121780603	1.0000996343406614	0.0001601446729072709
2458918.2125258604	0.9999089041751744	0.00016002146205686008
2458918.21287366	0.9996358058209115	0.00016015078207239517
2458918.21322146	0.9998602642170721	0.00015997835914937186
2458918.21356926	1.0000522957809865	0.00016040041632165531
2458918.21391706	0.9999560084197198	0.00015996912484951155
2458918.21426486	1.0002463931192074	0.00016006159840494254
2458918.21461266	0.9999319506755497	0.00015971690475594574
2458918.21496046	1.000145970420079	0.00016015229402063753
2458918.2153082597	1.0001803232132565	0.00016005369008694186
2458918.215656054	0.9999204531242727	0.00016024081513917485
2458918.2160038482	1.0002779374849522	0.00016014325203466204
2458918.216351648	1.0000718099682298	0.0001603607189940148
2458918.216699448	0.9999143612777507	0.0001603257228328566
2458918.217047248	0.9998833876857065	0.00016056072466967338
2458918.217395048	1.0000064880392678	0.00016007950332904902
2458918.2177428477	0.9999481127259736	0.00016029213590246848
2458918.218090648	0.9999173467528654	0.00016026327229333331
2458918.218438448	1.000062075710753	0.00016006161473821319
2458918.2187862475	0.9999922911266006	0.00016036339554296767
2458918.2191340476	0.9997276349653711	0.00016054079034632095
2458918.2194818477	0.9998225689774368	0.00016022460258892008
2458918.2198296473	0.9999174067684785	0.00016038721285180615
2458918.220177436	1.000023587687638	0.0001605601103391686
2458918.220525236	0.999947425912958	0.00015995667085354822
2458918.220873036	1.000071406870637	0.00015977876224368325
2458918.2212208356	0.9998750611219618	0.00016019903111392825
2458918.2215686357	1.0000414321609616	0.000160168151568091
2458918.2219164358	1.0003373319569648	0.00016017547498558198
2458918.2222642354	1.0001483485202984	0.00016021135713878
2458918.2226120355	0.9999557556781775	0.00016020812214526163
2458918.2229598355	1.000097970395191	0.00015997367158586463
2458918.2233076356	0.9998098635804258	0.0001596940166975671
2458918.223655441	1.0000054296079135	0.00016002147756690024
2458918.224003247	1.0000628926575543	0.00016007630408349308
2458918.224351041	1.0000824319073558	0.0001600967917672914
2458918.224698835	1.0001050294869247	0.00016026106680994812
2458918.225046635	0.9999853559829571	0.00015994544045210034
2458918.225394435	0.9997977995794484	0.00015988557883357226
2458918.225742235	1.0000971767790483	0.00015984154900428667
2458918.226090035	0.9998468180552205	0.00016036313925627303
2458918.2264378346	0.9998727792580246	0.0001601260543243679
2458918.226785635	1.0001279570921051	0.00016018021384468933
2458918.2271334347	0.9999281548882577	0.00016000047164885467
2458918.2274812344	0.9998748127308328	0.00016023865138492716
2458918.227829035	0.9998124240911099	0.00016029662505147587
2458918.2281768345	0.9998875485516918	0.00016023040192235236
2458918.2285246286	1.000210788504454	0.00016022535376907676
2458918.2288724226	0.9999104882347158	0.0001598530407079006
2458918.229220223	1.0000561464768238	0.0001601251643043918
2458918.229568023	0.999680440605973	0.00015987843040740973
2458918.229915823	1.000044989040749	0.00016023454289845117
2458918.2302636225	0.9999362099177975	0.00016000671043853493
2458918.2306114226	0.9999361760600328	0.0001603906952016398
2458918.2309592227	0.9999201978628812	0.0001602348315491655
2458918.2313070223	0.9998494097614871	0.00016044064376031754
2458918.231654823	0.9998736364476559	0.00016028309403302455
2458918.2320026224	1.0002673346199251	0.000160273234440525
2458918.232350422	1.0000263952922288	0.0001599130678278547
2458918.232698222	0.9998764014270853	0.00016032765189631483
2458918.2330460106	0.9999015510277336	0.00015998450854981582
2458918.2333938107	1.0000876374050383	0.0001599812148257353
2458918.2337416103	1.0000676570449711	0.00016007178915555944
2458918.2340894104	1.0001485225098776	0.00016025437799235096
2458918.23478501	0.9997611695709508	0.00016052216731948633
2458918.23513281	0.9999217484159304	0.00015998283948897668
2458918.2354806103	0.9998907318021123	0.0001602197511912298
2458918.2358284104	1.0001188104312193	0.0001601995075251336
2458918.23617621	1.000076629785627	0.00016010376707706412
2458918.23652401	0.9999488355880154	0.0001601661224422512
2458918.23687181	0.9998792821852818	0.00016018032595902572
2458918.237219598	0.9998606082899506	0.00016013257780529932
2458918.237567398	1.0000735918583767	0.00015995377677398105
2458918.2379151983	0.999778675560318	0.00016057256832740688
2458918.2382629984	0.9999955886627024	0.0001599415848755438
2458918.238610798	1.0002491065944594	0.00016013812822527495
2458918.238958598	1.0004218138403267	0.0001600704697777197
2458918.239306398	0.9997931210438008	0.0001601441247182008
2458918.239654198	1.000149649522337	0.00016007542403002255
2458918.240001998	0.9998914973694305	0.00016056892141367204
2458918.240349798	0.9998828337451291	0.00016047090487004848
2458918.2406975976	1.000112336364634	0.00016020821142576772
2458918.2410453977	1.0000551546069736	0.00016044390279456442
2458918.2413931917	0.9999526173092966	0.00016016601545700514
2458918.2417409862	0.9999157189401036	0.00015996752202884762
2458918.242088786	1.000050844015231	0.00015999643857488502
2458918.242436586	0.9999291896864155	0.00016034046636262232
2458918.242784386	0.9999984845625086	0.00016017932761271225
2458918.243132185	0.9998774629384365	0.0001600983438711416
2458918.2434799853	0.999992421511628	0.0001602578774091982
2458918.2438277854	0.9999267396449144	0.00016052124097407788
2458918.2441755855	1.000064445604811	0.0001601640202555468
2458918.244523385	0.9998389889930461	0.00016011429341946802
2458918.2448711847	1.0001000873787202	0.0001601007596919086
2458918.2452189852	0.9998791944705248	0.00016009692398378066
2458918.245566785	1.0000205461387244	0.00016035580715065864
2458918.2459145733	0.999929050211733	0.00016017587422691713
2458918.246262373	0.9996943467693556	0.00016035776012007235
2458918.2466101735	1.0001845802125677	0.00016031315673073788
2458918.246957973	1.0000140397409558	0.0001600234845264
2458918.2473057727	0.9999034724858362	0.00016015784401222642
2458918.2476535733	1.000003561159376	0.00015985784438084713
2458918.248001373	1.000175198114977	0.0001601683991861779
2458918.248349173	0.9999716136552961	0.00016056544238559074
2458918.2486969726	1.000025649869523	0.00015997616159106766
2458918.2490447727	0.9998072669841458	0.00016022351336427237
2458918.249392573	1.0001052063226066	0.00016000873968537342
2458918.2497403724	0.9998893623399397	0.0001599998035675867
2458918.250088161	0.9999084878329147	0.00015985618725788527
2458918.250435961	1.0000451135994681	0.00016035264163270877
2458918.250783761	0.9999190306924599	0.00016015195002237086
2458918.2511315607	0.9999230434313332	0.00016006357655857739
2458918.2514793607	1.0001509077710313	0.00016010687664982448
2458918.251827161	0.9998993285265761	0.00016019313982769745
2458918.2521749604	0.9998919456446739	0.00015988433098883414
2458918.2525227605	0.9996527923344385	0.00016017849504103027
2458918.2528705606	1.000263280894251	0.00016016687408773497
2458918.2532183602	1.0002515136721337	0.00016010156309123489
2458918.2535661603	1.0001770118387334	0.00015991923019978164
2458918.2539139604	0.9999790536479153	0.0001602988299220112
2458918.2542617545	1.0002666086705467	0.00016018854172224456
2458918.2546095485	1.0002201549310878	0.00016010061805816537
2458918.254957348	1.000117111585916	0.00016038472961431887
2458918.255305148	0.9998518897165085	0.0001598998769348255
2458918.2556529483	1.000203876650685	0.00016025659337767385
2458918.256000748	0.999557881325648	0.0001598498875350914
2458918.256348548	0.9999306417821876	0.00016025158870433223
2458918.256696348	0.9998799279588766	0.00016021995883084452
2458918.2570441477	1.0000354284053754	0.00016015289341570705
2458918.257391948	0.9999289755488346	0.00016010232135117488
2458918.257739748	0.9999112030206844	0.00016018293699481537
2458918.2580875475	1.0003015831524424	0.00015998875403316898
2458918.2584353476	0.9995842677342374	0.0001597297613671692
2458918.258783136	1.0001769222579826	0.00016017285355458577
2458918.259130936	0.9998101764963048	0.00016005204538266184
2458918.2594787357	1.0002430399915287	0.00015980101015491168
2458918.259826536	0.999962159160493	0.0001603841970475622
2458918.260174336	0.9999493667448518	0.0001605013133044335
2458918.2605221355	1.0000889979274075	0.0001601662642731236
2458918.2608699356	1.0000507779833383	0.00015958374724252264
2458918.2612177357	0.9997735696874552	0.00016027717653044094
2458918.261565536	1.0001491912334088	0.00015989543510854705
2458918.2619133354	0.9998808929153574	0.00016023354459204227
2458918.2622611355	1.0002081376315866	0.0001603845583257287
2458918.2626089356	0.9998182667147195	0.0001598431457004673
2458918.2629567236	1.0001145944240677	0.00016004242521453217
2458918.263304523	0.9996995553003856	0.00016032975643575137
2458918.2636523233	0.9999471088615788	0.00015993392741020559
2458918.2640001234	0.9999042361282805	0.00016041900069016868
2458918.264347923	1.000016552097708	0.00016022335210593217
2458918.2772164852	0.9998627392038117	0.0001599658795649271
2458918.2775642853	0.9997986412302658	0.0001601726939116244
2458918.277912085	1.0001715480273732	0.00016025379198638867
2458918.278259885	1.000154680808168	0.00016010715893059098
2458918.278607685	1.0002083326535645	0.00016023449481522155
2458918.2789554847	1.0001191632030322	0.00016004100114876273
2458918.279303285	0.9999843895026066	0.00016008444715331346
2458918.279651085	0.9998415717447139	0.0001601518881915135
2458918.279998879	1.0000975885102752	0.00016017732481599366
2458918.280346673	0.9996998182021652	0.00016026138126324873
2458918.280694473	0.9996059704381286	0.00016005864568721206
2458918.2810422727	1.000110874254888	0.00015993767651801633
2458918.2813900784	0.999893740545161	0.00015999751610783756
2458918.281737884	0.9999763748193777	0.00016028420636001763
2458918.2824334837	0.9999314436983289	0.00015992126093312473
2458918.282781284	0.9998783201378035	0.0001600589319777052
2458918.283129084	0.9999777594796518	0.00016017977245033537
2458918.283476884	1.000223598988452	0.00016045504829695093
2458918.2838246836	1.0001406129243045	0.00016001698907593505
2458918.2841724777	0.9998081250631468	0.00016022525634951324
2458918.284520272	0.9998200045305922	0.00016032524012454344
2458918.2848680723	1.0001504432734143	0.00016005027075652358
2458918.285215872	1.0000764915112696	0.00015996130583694713
2458918.2855636715	0.9998129228451706	0.00016037763803105517
2458918.2859114716	0.9998795114540103	0.0001598228697929342
2458918.286259271	0.9998478341813647	0.00016032124705610325
2458918.2866070713	1.0000222188102954	0.0001599068579524957
2458918.2869548714	0.9999903857725914	0.00016010504309646285
2458918.287302671	1.000315840058445	0.00016014542917581882
2458918.287650471	0.9999908781896897	0.00016034510715259647
2458918.2879982707	1.0000055275535193	0.00015990179735781248
2458918.2883460713	0.999835052151004	0.0001602910882517252
2458918.288693865	0.9998820064853433	0.0001601551545536949
2458918.2890416593	0.9999961548966042	0.00016027373838846417
2458918.2893894594	0.9999455372184752	0.00015991073429989978
2458918.289737259	0.9999497502405499	0.0001601188875706077
2458918.290085059	1.0002296031083433	0.00016004251955627785
2458918.2904328583	0.9997796289535732	0.00015978626110951872
2458918.290780659	1.0003241683658528	0.0001601584655950166
2458918.2911284585	0.9998929903049641	0.00016007643272803463
2458918.291476258	0.9998511998716113	0.0001601434409680338
2458918.291824058	1.0001466603077247	0.00015983804246411185
2458918.2921718583	0.9999178746490798	0.00015993186310076573
2458918.2925196583	1.000054771358093	0.00016035955265889914
2458918.292867452	1.000122710374185	0.00016036421345589456
2458918.293215247	0.9999694306109047	0.0001600708066612765
2458918.2935630465	1.0002155197261853	0.00015975368489785498
2458918.293910846	0.9999342441681526	0.00016031705240712998
2458918.294258646	1.0001971805684724	0.00015982664268105362
2458918.294606446	1.0000239601049217	0.00016009583342584265
2458918.294954246	0.9998749943354982	0.0001600572752484569
2458918.2953020455	0.999807306468713	0.00016003103567428366
2458918.2956498456	0.9998673090107275	0.00016021854784358693
2458918.2959976457	1.0000674150963986	0.0001601518288224634
2458918.2963454453	0.9999001199775812	0.0001601351674051472
2458918.2966932454	1.0001987835055142	0.00015988813168024362
2458918.2970410455	1.000029761970527	0.0001599729581566711
2458918.297388834	0.9999873540003558	0.0001601994969273977
2458918.2977366336	0.9998139446195654	0.00016021089886883425
2458918.2980844337	0.9999154785106193	0.0001598864117175707
2458918.2984322333	1.00016936985339	0.00016034504466297067
2458918.298780033	1.000080010746875	0.00015986706377743904
2458918.299127833	0.9998620625268696	0.00016015277434049035
2458918.299475633	1.0002035674146923	0.00015999357971135977
2458918.2998234327	1.0000868389945436	0.00016015719629913452
2458918.300171233	0.9998212778359318	0.00015998697300037535
2458918.300519033	1.0001706595077655	0.00015993665225399884
2458918.300866833	0.9997983959039107	0.00016012055959747806
2458918.3012146326	0.9999763736166334	0.00016018769546073512
2458918.3015624327	1.0001863025945732	0.00016004176212623604
2458918.301910221	1.000108835697918	0.00016026921762748458
2458918.3022580203	0.9997745434179472	0.00016014498744730006
2458918.3026058204	0.9998576546889796	0.00016019372935180103
2458918.3029536204	0.9999183887331177	0.00016004523413963448
2458918.3033014205	0.9997623888138896	0.00015996119604811483
2458918.30364922	0.9997988857213875	0.00015970347757725037
2458918.30399702	0.9997239735752351	0.00016022400372614829
2458918.3043448203	1.0001097907769119	0.00016022668584669023
2458918.30469262	1.0000626495084581	0.00016022952462232753
2458918.30504042	1.0002265399884136	0.0001596381551316629
2458918.30538822	1.0000190317041628	0.0001603010550047369
2458918.3057360193	0.9998729347335783	0.00016004683261179562
2458918.3060838077	0.9999872580652148	0.00016007370285626345
2458918.3064316073	1.000263749723558	0.00016010802879241952
2458918.306779408	1.0001851237299604	0.0001601209579249722
2458918.3071272075	1.000089406622897	0.0001603668272639742
2458918.3074750076	1.0000599963151904	0.00016003179379856856
2458918.3078228077	1.0001108215157246	0.00016005356974885433
2458918.3081706073	0.9996665198365101	0.00016003218622467338
2458918.3085184074	0.9997865748426786	0.0001601663239350149
2458918.308866207	0.99983810089584	0.0001600877396543519
2458918.309214007	1.0001585564080366	0.00016014011806242813
2458918.3095618067	1.00002170022056	0.00016021487360122084
2458918.3099096064	1.0001039754376413	0.00016031469158333283
2458918.310257401	0.9999234304458026	0.00016043046975712036
2458918.310605195	0.9999821481033271	0.00016045911848850092
2458918.310952995	0.9999017951255467	0.00016009976281389424
2458918.3113007946	0.9998266586415835	0.00016019699499640055
2458918.311648595	1.0000300434596552	0.0001597346413610396
2458918.311996395	0.9999032931969191	0.0001601281874889934
2458918.312344194	1.000003802467498	0.00016020504298940144
2458918.312691994	1.0002480874446316	0.0001597015997258916
2458918.313039794	0.9999571372286189	0.00016008426862460927
2458918.313387594	1.0002253819647957	0.00016024353412085498
2458918.313735394	0.9998527427698493	0.0001599289640457994
2458918.314083194	1.0000243190181926	0.00015993006020371712
2458918.314430994	0.999730685959178	0.00016016449376248348
2458918.314778788	0.9998427276819969	0.0001602469850996892
2458918.315126582	1.000159197659643	0.0001603861439308297
2458918.3154743817	0.9998611796063548	0.00016019255119382198
2458918.3158221818	1.0002342599885974	0.00016016278848448513
2458918.3161699814	0.999681756834223	0.00016002866675013735
2458918.3165177815	1.0000584553889507	0.00015986689666778873
2458918.3168655816	0.9998408318773593	0.00016000352851698496
2458918.317213381	1.0000120713617078	0.00016028195096204895
2458918.3175611813	0.9998929941265862	0.00016002825628068894
2458918.3179089813	0.999955343543075	0.00016045362606879174
2458918.3182567814	0.9997973665424542	0.0001603180739300447
2458918.3186045806	1.0000552744884623	0.00016038760424098495
2458918.319300169	1.000283601571145	0.00015981627241916973
2458918.3196479687	1.000124677848463	0.00016034614357760967
2458918.319995769	0.9999101123668278	0.00016007750657221623
2458918.320343569	1.0000015977683787	0.00016035732519666706
2458918.320691369	1.000138837327182	0.0001602373324014272
2458918.3210391686	1.000005957404736	0.00015998384274944156
2458918.3213869687	0.9999612116072643	0.00016002338431397108
2458918.3217347683	0.9998855467247156	0.00015978692800430549
2458918.322082568	1.0001131577244653	0.00016030851897976014
2458918.322430368	1.000065038554006	0.00016007393918788976
2458918.322778168	1.0001607168126052	0.0001602587555418943
2458918.3231259678	1.000248941201627	0.00016036329809682704
2458918.323473762	0.9998169669760762	0.00015971035975397913
2458918.3238215563	0.9999481871711796	0.00015991782057497272
2458918.3241693564	0.9996713149389064	0.00015998074483032906
2458918.3245171555	1.0002552344287627	0.00015990609730338299
2458918.3248649556	1.0001125890101024	0.00016015732659284437
2458918.3252127557	0.9999679377613991	0.0001604188190446874
2458918.3255605553	1.0001089977547981	0.0001598739061689262
2458918.3259083554	0.9998339146473845	0.00016048040257292197
2458918.326256155	0.9999608577199021	0.00015966586936570686
2458918.3266039556	0.999877721204929	0.00016038236500303687
2458918.326951755	0.9997354290358531	0.0001600692718383628
2458918.3272995544	1.0001256711712454	0.00015978823984745416
2458918.327647349	1.0002917882158697	0.00016052689995705403
2458918.327995143	1.0000471374935336	0.00015995626529439192
2458918.328342943	0.9998753019031889	0.0001600513578812215
2458918.3286907426	0.9999041169139105	0.00016015687531015753
2458918.329038543	0.9998757402262706	0.00016043160383716023
2458918.329386343	0.9999269281538131	0.00016009257429575998
2458918.3297341424	1.000189170835332	0.00016014027030304811
2458918.3300819425	1.0000591807242567	0.00015975204088651746
2458918.330429742	0.9999547676622028	0.00016021262353051012
2458918.330777542	0.9999057594074058	0.0001602151013870581
2458918.331125342	0.9998330295762453	0.00016022408950796193
2458918.331473142	0.9997344246010428	0.0001602392353670764
2458918.331820942	1.0000471920508052	0.00016011744797418372
2458918.332168736	1.000121006154131	0.00016010177631502648
2458918.3325165296	1.0001213203824975	0.000160347473381886
2458918.3328643297	1.0000072500670607	0.00016002178138934685
2458918.33321213	1.000024610765979	0.00016014840506377642
2458918.3460807023	0.9998966093241385	0.00015990615538560588
2458918.346428502	0.9998202836234692	0.00016008215417836862
2458918.346776302	0.9999894992021687	0.00016013843833230694
2458918.3471241016	0.9999090645893937	0.00015991772199983682
2458918.3474719017	0.9999537261040954	0.00016004450390332093
2458918.3478197013	0.999703145426501	0.00015989845097779336
2458918.348167501	0.9996591988721226	0.0001603646364931232
2458918.3485153015	0.9996016146724455	0.00016042908701999214
2458918.348863101	0.9997645400703581	0.00016005550154721764
2458918.349210901	0.9998524502982805	0.00016013397204206513
2458918.3495587003	0.9993311925003661	0.00016021038476868825
2458918.3499064893	0.999739225215396	0.00016003115917485823
2458918.350254289	0.9995382755838595	0.0001599782796547135
2458918.3506020885	0.9995142739716503	0.00016027312793931203
2458918.350949889	0.9994620922134878	0.00016004170405179037
2458918.3512976887	0.9992554940113196	0.00016018752482282181
2458918.3516454888	0.9995067521880421	0.00016001402013019486
2458918.351993288	0.9993275291029151	0.00015988042679379174
2458918.352341088	0.9994387242502463	0.0001600591501498675
2458918.352688888	0.9993391158115817	0.00015993616700664921
2458918.3530366877	0.9991997031292326	0.00016031146655496358
2458918.353384488	0.9991625477051157	0.00015964282226591477
2458918.353732288	0.9990537691992365	0.00016051194532225587
2458918.354080076	0.9990787493988055	0.0001600365895524778
2458918.3544278755	0.9990641589805429	0.00016039907202180484
2458918.3547756756	0.9988803615358518	0.00016009591917294578
2458918.3551234757	0.9990296892253415	0.00016015673378208303
2458918.3554712753	0.9988058038249308	0.00016041491376068796
2458918.3558190754	0.998831986738564	0.00015982973097557887
2458918.356166875	0.9987833908119165	0.0001599109599407872
2458918.3565146746	0.9986950330525717	0.00015990407424048742
2458918.3568624747	0.9986300851925173	0.00016031248613365467
2458918.357210275	0.9986029488184904	0.00016024957682740892
2458918.357558075	0.9985109296779864	0.00016023063865869567
2458918.3579058745	0.99834612087322	0.0001599161630683322
2458918.358253674	0.9984297513922615	0.00016032398854075116
2458918.3586014626	0.9985115963479368	0.00016018039014000727
2458918.358949262	0.9984629902465293	0.00016016218465632397
2458918.3592970623	0.9983609835039912	0.00016011829493143545
2458918.3596448624	0.9982333262978862	0.00015979715562877074
2458918.3599926624	0.9978981177649978	0.0001602684113708041
2458918.3603404616	0.9983135016360514	0.00015992754132562083
2458918.3606882617	0.9981404692624413	0.00016005874028449002
2458918.361036062	0.9980599221035198	0.00016013417623717905
2458918.3613838614	0.9982165804285432	0.00016019106659520636
2458918.3617316615	0.9977920869618282	0.00016007670439371105
2458918.3620794616	0.9981416430260479	0.00016014673868055532
2458918.3624272607	0.9982479877320822	0.00015976453316676086
2458918.3627750548	0.9980661708501619	0.00015984892572351757
2458918.3631228493	0.997844224708778	0.00016012352725773554
2458918.3634706493	0.9979967707953615	0.00015981734125825593
2458918.363818449	0.9982359254804332	0.00015977159658517838
2458918.364166249	0.9980854196907649	0.0001600854897614234
2458918.3645140487	0.9981264396642823	0.00015998409972306418
2458918.3648618483	0.9981570320330305	0.00015997046407972314
2458918.3652096484	0.9981613228170596	0.00016025161996077267
2458918.365557448	0.9977409654633244	0.00016011919868101325
2458918.3659052486	0.9982527588545175	0.0001599622918760554
2458918.366253048	0.997977620220345	0.00016042639474710512
2458918.3666008473	0.9980674159180817	0.00016011978138480418
2458918.366948648	0.997926584999881	0.00016033391009274208
2458918.367296436	0.9980832863945329	0.0001604078796793009
2458918.367644236	0.9978669898214866	0.0001600669536550856
2458918.3679920356	0.9976826403606353	0.00016034138500953466
2458918.368339836	0.9980560146550864	0.00016051991269783728
2458918.3686876353	0.997969370993537	0.00015997529741721412
2458918.369035435	0.9981641226141844	0.00015997222845573044
2458918.3693832355	0.9977729503928348	0.0001597487963760357
2458918.369731035	0.9980125236954235	0.00015973294569919432
2458918.370078835	0.9976369295380546	0.0001599565089056583
2458918.3704266343	0.9981172055661331	0.00015995647662223847
2458918.3707744344	0.9980176731411897	0.00015964885707037084
2458918.3711222345	0.9978721167405883	0.0001600550227612825
2458918.371470034	0.9978475364800244	0.00015974092691065125
2458918.3718178226	0.9980096377408003	0.0001598559097842766
2458918.3721656227	0.9978266019541887	0.000160066584110161
2458918.3725134223	0.9978649165818773	0.00016035309490972032
2458918.372861222	0.9977141708954472	0.0001599961644169865
2458918.3732090225	0.997795655489597	0.00016046661532664476
2458918.373556822	0.9978201417458697	0.00016044937967154142
2458918.3739046217	0.9978214567599444	0.00015998403400820346
2458918.3742524213	0.997976980863413	0.00016038510901172895
2458918.3746002214	0.9980579389137161	0.0001600495956092996
2458918.3749480215	0.9979830886253688	0.00016014571971787166
2458918.375295821	0.9976498219669161	0.00016033936474588387
2458918.375643621	0.9976414649532948	0.00016041775057006004
2458918.375991415	0.9979142757912275	0.00016018597862853465
2458918.376339209	0.9979187612538859	0.00016015156670825094
2458918.376687009	0.9979289178684998	0.0001601349598276994
2458918.377034809	0.9979556359352626	0.00016004412063947622
2458918.377382609	0.9978061370310801	0.0001601497518492189
2458918.3777304087	0.99785321481356	0.00015974145877383392
2458918.3780782083	0.9977183162045183	0.00016010181915285528
2458918.3784260084	0.9977506468278659	0.00015989498329694473
2458918.378773808	0.9982342574683121	0.00016004245213879678
2458918.379121608	0.9977488196104355	0.00016021974987774797
2458918.379469408	0.9980258932042244	0.00016061376346795906
2458918.3798172073	0.9977388416017989	0.0001599084025487421
2458918.3801650074	0.9979661117117826	0.00015999818167577553
2458918.380512802	0.9982080312346632	0.00016025138239526333
2458918.380860596	0.9975873840555517	0.00016030662141753804
2458918.3812083956	0.9977377904357098	0.00016039349282436405
2458918.381556195	0.9976848346098333	0.00015992677365420525
2458918.3819039953	0.9978337452285211	0.00015981177829515848
2458918.382251795	0.9976030209763358	0.0001602769183747944
2458918.382599595	0.9978056544582689	0.000160266818836579
2458918.382947395	0.997897085015967	0.00016048254866009298
2458918.3832951947	0.9977502276655513	0.0001600399227867981
2458918.3836429943	0.9979816619203126	0.0001602720829908416
2458918.3839907944	0.9980927845775753	0.00016007229932994826
2458918.3843385945	0.9980236734702541	0.0001605751722488795
2458918.384686394	0.9978016326952405	0.00015993252670277764
2458918.3850341877	0.9972814188682902	0.00016007004396009463
2458918.385381982	0.9978316078355699	0.0001603428298724614
2458918.3857297823	0.9977821566349264	0.00015965632929629985
2458918.386077582	0.9976645128701886	0.00016005074293764317
2458918.3864253815	0.997495928650927	0.0001599965218869429
2458918.386773182	0.9978446738244127	0.00015982017311733812
2458918.3871209812	0.9976371516154205	0.00015999447108399964
2458918.3874687813	0.997663147877727	0.00016039873609864405
2458918.387816581	0.9978748620329584	0.0001599823874555775
2458918.388164381	0.9976752861343453	0.0001606163616510559
2458918.3885121807	0.9978117304225683	0.0001601896808215896
2458918.3888599803	0.9974709955372287	0.00016021036719345193
2458918.389207775	0.9978437098820694	0.000160237110261837
2458918.389555569	0.9975041175790936	0.00016045168378087704
2458918.389903369	0.9981387032732295	0.00016018351290751485
2458918.390251168	0.9975954640641673	0.00015995727148274466
2458918.390598968	0.9977985564051964	0.0001599111118718924
2458918.390946768	0.9975050264248372	0.00016030722055575052
2458918.391294568	0.9976709290362094	0.00016041074903555658
2458918.3916423684	0.9976495762467057	0.0001600897815862784
2458918.3919901676	0.9978552115020208	0.0001603725298139128
2458918.392337967	0.9976736817885602	0.00015988508294646937
2458918.3926857673	0.997532619797225	0.00016004050081351188
2458918.3930335674	0.9980231557251241	0.00016004918159353684
2458918.3933813674	0.9972606039369224	0.00016017929966710112
2458918.3937291605	0.9975905733143738	0.00016031119782583262
2458918.394076955	0.9976657025705931	0.00015985846123456617
2458918.394424755	0.9978638767072434	0.00016019259666606625
2458918.3947725547	0.9978820001400275	0.00016017715063526027
2458918.395120355	0.9977808741751466	0.0001603379331986417
2458918.3954681545	0.9976361194583979	0.00015992343956337582
2458918.3958159545	0.997785311615648	0.0001604435047121424
2458918.396163754	0.9977445366600619	0.00015998671098656388
2458918.3965115543	0.9976084199289118	0.00016031899867233155
2458918.3968593543	0.9976283663676493	0.0001601598893740868
2458918.3972071535	0.9979433837217958	0.00016025808757545832
2458918.397554965	0.9976395050802896	0.00016025254784438408
2458918.3979027653	0.9975324441224837	0.00016019400330778943
2458918.3982505593	0.9979145081552575	0.00016012530282275857
2458918.398598353	0.9974962824544459	0.00016034605018269745
2458918.398946153	0.9976262639503648	0.00015980806849011917
2458918.399293953	0.9977382366920164	0.00015990907269288447
2458918.3996417527	0.9974618266419027	0.0001604751632439314
2458918.399989553	0.9977574951267164	0.00016025845005990382
2458918.4003373524	0.9975592721379402	0.00016010910087669748
2458918.400685152	0.9974190485347894	0.00015979247147061368
2458918.401032952	0.9980569939984504	0.0001601243468981256
2458918.401380752	0.9979151606095044	0.0001599848222098047
2458918.401728552	0.9975623265892583	0.00016009015017196776
2458918.4020763515	0.9976417095229074	0.00016046689328644826
2458918.4024241515	0.9976890276625415	0.0001603393533633373
2458918.4135537115	0.9976892319357304	0.00015999822456743714
2458918.4139015116	0.9978448343223854	0.00016000457716990448
2458918.414249311	0.9976929173979097	0.00016024109231089427
2458918.414597111	0.997886127975325	0.00016018518018192092
2458918.414944911	0.9976135501493211	0.00016019257205163355
2458918.415292711	0.9976741970463219	0.0001597555374438604
2458918.41564051	0.9977372385343966	0.00016040426301464338
2458918.4159882986	0.9973876712059822	0.00016039467942089488
2458918.4163360987	0.9977676196465335	0.00016016629136849788
2458918.416683899	0.997760636996362	0.0001603259900968293
2458918.417031698	0.9973972844606753	0.00016025046018198374
2458918.417379498	0.9973642238545379	0.00016032392067789832
2458918.417727298	0.9976003063046589	0.00016020578870125916
2458918.4180750977	0.9978151982672265	0.00015985653195410102
2458918.418422898	0.9978301602123381	0.00016018769938183833
2458918.4187706974	0.9975819763751159	0.0001599233752074884
2458918.419118497	0.9977537922673433	0.00015979039006760207
2458918.419466297	0.9976218148135527	0.00015982532749062977
2458918.419814097	0.9977836214981933	0.00016022633992528824
2458918.420161897	0.9978285752010484	0.0001604094901404767
2458918.420509685	0.9976795396649419	0.00016003560641235845
2458918.420857485	0.997561677129462	0.00016015407021243995
2458918.421205285	0.9975821434261134	0.00016003003959848822
2458918.421553084	0.9975474187192234	0.00016027753734970646
2458918.4219008842	0.9976866507897184	0.00016021807220697705
2458918.4222486843	0.9975712922077751	0.00016029085449213072
2458918.4225964844	0.9976310370539174	0.0001600426876618897
2458918.4229442836	0.9976596308708748	0.00016023918174877907
2458918.423292083	0.9973445480601173	0.0001604119496548433
2458918.4236398838	0.9976915409163675	0.00016029072470957498
2458918.4239876834	0.9975879380113128	0.00016025100003344895
2458918.424335483	0.9978846102916521	0.00016020051429027082
2458918.4246832714	0.9976613087730792	0.00016034570389804353
2458918.4250310715	0.997807908011085	0.00015997307513885572
2458918.425378871	0.9974417833704173	0.00016018834352302157
2458918.4257266703	0.9974405311724747	0.000160222236075039
2458918.426074471	0.9977185796305513	0.00016026197330253113
2458918.4264222705	0.9977727800438785	0.00015995167242748698
2458918.4267700706	0.9975327436342929	0.00016019202601286168
2458918.42711787	0.9973745016221103	0.00016037674468527422
2458918.42746567	0.9977380936465835	0.0001603049995093073
2458918.42781347	0.9975340397500789	0.00016019016394447163
2458918.4281612695	0.9978707065957274	0.00016023874683178594
2458918.4285090696	0.9974660000477809	0.00016013385543951514
2458918.428856869	0.9976326083252764	0.00016010094676225707
2458918.4292046577	0.9976489130882431	0.0001598407985081177
2458918.4295524573	0.9975928758095386	0.00016009463802888756
2458918.429900257	0.9974006418132626	0.00016015515619997677
2458918.430248057	0.9973906279723147	0.00015998463493115722
2458918.4305958566	0.9975637469462943	0.00016015068316814295
2458918.430943657	0.9975117138837801	0.00016036799326241648
2458918.4312914563	0.9975518011769046	0.0001599542822906546
2458918.431639256	0.9976886991954657	0.00016004265913139914
2458918.431987056	0.9973323094183537	0.0001602455905948761
2458918.432334856	0.997630442739757	0.00016033606517410363
2458918.4326826558	0.9978886655305893	0.00016026112522427735
2458918.4330304554	0.9975389138942545	0.00015984720391603127
2458918.4333782555	0.9974240889826549	0.0001599113818244039
2458918.433726044	0.9977291717432002	0.00016026655466309142
2458918.4340738435	0.9976070958294696	0.00015998397496523083
2458918.434421643	0.9975288810244518	0.00016059077336903963
2458918.4347694432	0.9975945212864145	0.0001602361875451798
2458918.4351172433	0.997763289731272	0.00016004356748535318
2458918.4354650425	0.9977802559648775	0.00016019652913143746
2458918.4358128426	0.997452898729366	0.00016023128969739066
2458918.4361606427	0.9978152320394452	0.00016004538810237437
2458918.436508442	0.9976153754485102	0.00015999791641356636
2458918.436856242	0.997481439631623	0.0001600327810142393
2458918.437204042	0.9975225029451105	0.00016013094008370457
2458918.437551842	0.9977051495627514	0.00016012343190588673
2458918.437899635	0.9976615377248401	0.0001599283005864044
2458918.4382474297	0.9975838018354692	0.00016027090988551048
2458918.4385952298	0.9978450260278755	0.0001597438125323413
2458918.4389430294	0.9976319195268805	0.00016023509045371873
2458918.439290829	0.9976157289385009	0.00016003390867499955
2458918.439638629	0.9978977000929921	0.00016038600872749978
2458918.439986429	0.9976054501761326	0.00016043719015810477
2458918.440334229	0.997555708613296	0.0001602132877104494
2458918.4406820284	0.9976637314492639	0.00016023096694147904
2458918.4410298285	0.9978282363511537	0.00016008059621494685
2458918.441377628	0.9978462041928942	0.00016007277583988955
2458918.441725428	0.997898233188231	0.00016034973227094842
2458918.442073228	0.9971923920365501	0.0001604118946845731
2458918.442421022	0.9973603464915201	0.00016011608343986076
2458918.442768816	0.9977690650156343	0.00016009201668708913
2458918.4431166155	0.9974453333876461	0.0001602736688202016
2458918.4434644156	0.9978620993120323	0.00016021005643977854
2458918.4438122152	0.997628833647434	0.00016002938960334599
2458918.4441600153	0.9975624350206809	0.00015973125245843277
2458918.444507815	0.9976577566835261	0.0001600876326555559
2458918.4448556146	0.9976907381847738	0.00016033790173607422
2458918.4452034147	0.9974461399083477	0.00016052495854404725
2458918.4455512147	0.9977357004431573	0.00016015629698133498
2458918.4458990144	0.99773663906568	0.00015992996153478135
2458918.446246814	0.9975663146604333	0.00016012141949076796
2458918.4465946136	0.9976811147238435	0.00016019384148639358
2458918.4469424076	0.9972800853622261	0.00015996734965465525
2458918.4472902017	0.9974779574181984	0.00016002835945453094
2458918.4476380018	0.9975226095860732	0.00015996756562494432
2458918.4479858014	0.9978878775817694	0.00016004428655023217
2458918.4483336015	0.9976367371443434	0.00016014856134444544
2458918.448681401	0.9975856167383307	0.0001599192853601515
2458918.4490292007	0.9975231174036626	0.00015985676697913618
2458918.4493770013	0.9976640787798984	0.00016014700677781862
2458918.4497248004	0.9976112818248272	0.00015978694556109256
2458918.4500726005	0.9974625479389622	0.0001603512065314985
2458918.4504204	0.9974975180827805	0.0001599216157683715
2458918.4507681997	0.9978456465727263	0.000160350481268424
2458918.451115994	0.9976184791906237	0.00016008142642846975
2458918.451463788	0.99747879448915	0.00016044833164964603
2458918.451811588	0.9974545422302508	0.0001599509077409507
2458918.4521593875	0.9974595122081061	0.0001599931235977269
2458918.4525071876	0.9978030055867574	0.0001599015720407194
2458918.4528549872	0.997646075615106	0.0001601104325548395
2458918.453202787	0.9976100971971839	0.0001599309214532125
2458918.453550587	0.9974597104226814	0.00015990776446773392
2458918.4538983866	0.9976499523831331	0.00016052235562628595
2458918.4542461867	0.9975087907168825	0.0001600428660405123
2458918.4545939863	0.9977635035699888	0.00016050307073324293
2458918.454941792	0.9978535404111979	0.0001605125739889929
2458918.455289592	0.9972822571149828	0.00016013704543736402
2458918.455637391	0.9975803678706013	0.00016008159573187148
2458918.4559851857	0.9973466990461296	0.00015994519016148542
2458918.4563329853	0.997506252177652	0.00016022612299164965
2458918.4566807854	0.997359559619309	0.0001605231557209208
2458918.457028585	0.9972623889762592	0.00016012230804899984
2458918.4573763846	0.9977365989794903	0.00016023263602236906
2458918.4577241847	0.9973350109823967	0.00016012870013916463
2458918.4580719844	0.9976464578405169	0.00016051178466542664
2458918.458419784	0.9975612156948511	0.00016015786510003102
2458918.458767584	0.9975811426784138	0.0001599924566276049
2458918.459115384	0.9976118180374948	0.00016026762032268457
2458918.459463184	0.997569071666945	0.00016015352062974177
2458918.4598109773	0.9973775052905101	0.00016046120932100257
2458918.460158772	0.9976166904645049	0.00016028095783887818
2458918.4605065715	0.9976770175514587	0.00016013127722251078
2458918.460854371	0.9976909266731806	0.00016015885812198054
2458918.461202171	0.9975325137464996	0.00015985658485347072
2458918.4615499713	0.9976047038984995	0.00016026262838177299
2458918.461897771	0.9975491206277153	0.00015981693297696496
2458918.4622455705	0.9973329320681538	0.0001598924602996188
2458918.46259337	0.997513559177024	0.00016017184108349633
2458918.46294117	0.9976363307152231	0.00016004852516518468
2458918.46328897	0.9973722580095095	0.00015957514489436838
2458918.46363677	0.9977642811390222	0.0001601800271659562
2458918.4639845695	0.9975346739657995	0.0001596786692146957
2458918.4643323636	0.9978820084423176	0.00016012717430972402
2458918.4646801576	0.9973417789315495	0.00016013910419730517
2458918.4650279577	0.9975713226858475	0.0001598423168839009
2458918.4653757573	0.9974950891083684	0.00016040137990229117
2458918.465723557	0.9974484239901714	0.00015994285867600754
2458918.466071357	0.9977087720513866	0.00016017351426764678
2458918.466419156	0.9976520860192125	0.0001599343552657769
2458918.4667669567	0.9975412266097153	0.0001602528736988933
2458918.4671147563	0.9977239849871232	0.00015972835751302167
2458918.467462556	0.9975805335250157	0.00016026230388823014
2458918.467810356	0.9974414339353311	0.00016020013954606786
2458918.4681581557	0.9975858046950516	0.00016001694940723116
2458918.4685059558	0.9974901104914022	0.0001603232357013202
2458918.4688537493	0.9976904500021571	0.00016032458218239031
2458918.469201544	0.9975764900104772	0.00016016837683857277
2458918.4695493435	0.9975641389629614	0.00016030492646038088
2458918.4698971426	0.9978888523953291	0.00016006909012944906
2458918.470244943	0.9974695579568776	0.0001598620810113127
2458918.470592743	0.9975798980169378	0.0001597677034152813
2458918.4709405424	0.9973770180294549	0.00016025186087575724
2458918.471288342	0.9978041595030425	0.0001598449240241428
2458918.471636142	0.9975665237295873	0.00015999828505822223
2458918.471983942	0.9976204710282042	0.00016021526961366517
2458918.4726795414	0.9977781404131641	0.0001602179641508571
2458918.4778965153	0.9974924792358998	0.00016004427833538797
2458918.478244315	0.9975391872188791	0.00016030287645029575
2458918.478592115	0.997436016321944	0.00016019697969005544
2458918.4789399146	0.9975953890040727	0.00016014944791530107
2458918.4792877147	0.9974724598147278	0.0001600680505012946
2458918.4796355143	0.9975473695279207	0.00015999186085098187
2458918.479983314	0.9975427689225509	0.000160081025637666
2458918.480331114	0.997531497033507	0.00015997052469870227
2458918.4806789136	0.9975515942650545	0.0001600349225868545
2458918.4810267133	0.9976564659200019	0.0001601298839345546
2458918.4813745134	0.9977231923829474	0.00016044647921618766
2458918.481722313	0.9976861110392908	0.0001602390139843536
2458918.482070107	0.9975795932263477	0.0001599468814101047
2458918.482417901	0.997608555402208	0.00016055659642645357
2458918.482765701	0.9976327507068523	0.00016018215464799805
2458918.4831135008	0.9975805856695801	0.00016022694232289094
2458918.4834613004	0.9973772578327947	0.00016007351083898548
2458918.4838091005	0.9974195182484806	0.00015996495996548779
2458918.4841569	0.997557512579345	0.0001604122888998384
2458918.4845046997	0.9975193906772988	0.0001604167535540614
2458918.4848524993	0.9977148047623405	0.00016027980630075122
2458918.4852003	0.9976504576959039	0.0001600870389518904
2458918.485548099	0.997564049737076	0.00016018816084935057
2458918.4858958987	0.9976918014919839	0.00016005969730693072
2458918.486243693	0.9976249986967393	0.00015992488092247243
2458918.4865914867	0.9975430471014316	0.0001603255505900011
2458918.486939287	0.9978806463287215	0.00016011543218575749
2458918.4872870864	0.9975418899795516	0.00016008251565002488
2458918.4876348865	0.9972904444922625	0.00015999661114419878
2458918.487982686	0.9974461692433633	0.00016042185837567783
2458918.4883304858	0.9976644199295608	0.00015986169734358388
2458918.488678286	0.9977577708530275	0.00016019783765034275
2458918.4890260855	0.997421470961611	0.0001600693125494435
2458918.4893738856	0.997627144474805	0.0001606856889741873
2458918.4897216847	0.9971049577266614	0.000159920504713911
2458918.490069485	0.9974982737627517	0.00016018044342705625
2458918.490417285	0.9975286489224207	0.00015970227421780052
2458918.4907650785	0.997461984463208	0.00016002487361220846
2458918.4911128725	0.9975976211061817	0.00016043158578851884
2458918.4914606726	0.997502718914239	0.00015992607315981053
2458918.491808472	0.9975661376952286	0.00016016297571429025
2458918.492156272	0.9976095758651464	0.00016023148837507412
2458918.4925040724	0.997954505674208	0.00016029309199655547
2458918.4928518715	0.9978331834441018	0.00016003457640963766
2458918.493199671	0.99769072691962	0.00016009715118222025
2458918.4935474712	0.9974819908242043	0.00016032215220721096
2458918.493895271	0.9975209023584358	0.00016045982210121892
2458918.494243071	0.9977999245079798	0.00015999357823298855
2458918.4945908706	0.9976643476200407	0.000159939284048752
2458918.4949386646	0.9975579369209256	0.00016018794103215422
2458918.495286464	0.9973555118374371	0.0001606130744353912
2458918.4956342583	0.9975502690989977	0.0001603006517243908
2458918.495982058	0.9975100452058274	0.00016008475702837898
2458918.496329858	0.9977260331886733	0.00016036626903490547
2458918.496677658	0.99738765295737	0.00016007952307186632
2458918.497025457	0.9975254131235733	0.00015978578645495537
2458918.4973732573	0.99754551948221	0.00016003593460593563
2458918.4977210574	0.9975439691433181	0.00016052686640094705
2458918.4980688565	0.9974224763437863	0.00016017991450442364
2458918.4984166566	0.9973140825378924	0.00016009742217626272
2458918.4987644567	0.9976087459344049	0.00016017618049278778
2458918.499112256	0.9977979655085774	0.00016041976289130522
2458918.49946005	0.9975576395647816	0.00016012566324866262
2458918.4998078444	0.9977256608825832	0.00016011960853878307
2458918.500155644	0.9975467090917283	0.00016016394413593556
2458918.5005034436	0.9974635258924768	0.00016010402202714386
2458918.5008512437	0.9976710756134385	0.00015993951287186295
2458918.5011990434	0.9977744210951794	0.00015967605598026318
2458918.501546843	0.9975234774661818	0.00016003575017825477
2458918.501894643	0.9971975816114752	0.0001606133077457574
2458918.5022424427	0.9977307066297411	0.00016026292053801888
2458918.502590243	0.9973801120127723	0.00016018467660851516
2458918.5029380424	0.9975882454996099	0.00016000207642799627
2458918.503285842	0.9978404891192338	0.0001604244450425099
2458918.503633642	0.9977610470097977	0.00015994242129186293
2458918.503981436	0.9978479737965356	0.0001602962303314126
2458918.5043292297	0.9974299014776373	0.00016004227303916582
2458918.50467703	0.9974854318632648	0.00016009014301607337
2458918.50502483	0.9974843892034972	0.00016002350262322946
2458918.505372629	0.9978432296320725	0.0001601768620106283
2458918.5057204287	0.9976789779524663	0.00016008472247231104
2458918.506068229	0.9976227428745343	0.00015988114222218174
2458918.5064160284	0.9976553346731504	0.0001599002858481536
2458918.5067638285	0.9976962509024824	0.00016008075584222916
2458918.5071116285	0.9976025453283619	0.00016002238952546555
2458918.5074594277	0.9975767867553864	0.00016027732576112701
2458918.507807228	0.9974827661691643	0.00016039333742937236
2458918.5081550214	0.997495433453682	0.00015995285676311812
2458918.508502816	0.9974602040488805	0.0001600057727151334
2458918.5088506155	0.9976358032741816	0.0001601952350559777
2458918.509198415	0.9976396206480603	0.00016008873072408223
2458918.5095462147	0.9976656742961298	0.00015986087514293423
2458918.509894015	0.99749545603293	0.00016021486320128768
2458918.5102418144	0.9977373249913964	0.00015978698634673829
2458918.510589614	0.997198178302928	0.0001600068664266935
2458918.5109374146	0.9975114784624707	0.00016035644772038508
2458918.5112852138	0.9972943963929731	0.00016009292408664967
2458918.5116330134	0.9973688568303775	0.00016013603185134856
2458918.5119808135	0.9977238059315469	0.00016023540953744747
2458918.512328613	0.9975764608034476	0.00016061036180078898
2458918.512676407	0.9975432909853088	0.0001600113262285001
2458918.513024201	0.997582455023392	0.0001599303819052462
2458918.513372007	0.9974920971718965	0.00016007172135508926
2458918.5137198125	0.9975231602740464	0.0001600988824921556
2458918.5140676117	0.9972860507208492	0.00016021674464057357
2458918.5144154117	0.9974599537551291	0.00015977011448193502
2458918.514763212	0.9976087769385156	0.00015995810891535384
2458918.515111011	0.9975794494069616	0.00016020882412545623
2458918.515458811	0.9977207864799491	0.0001602807425461203
2458918.515806611	0.9977951028224533	0.000159925630953934
2458918.516154411	0.9975201604059265	0.0001599810211817318
2458918.5165022104	0.9973186373746533	0.0001601947886659648
2458918.5168500105	0.9972239404855314	0.0001600766448602215
2458918.5171977985	0.9976467293896893	0.00015984947568345524
2458918.517545598	0.9977954342227183	0.00016027303032014635
2458918.5178933977	0.9976012439663358	0.00016031647088866742
2458918.518241198	0.9974509592320455	0.00016046967423767963
2458918.518588998	0.9977382881175341	0.00015964440342511836
2458918.518936797	0.9973481042017848	0.00016001476901926192
2458918.519284597	0.9976904437306826	0.00015995657324639761
2458918.519632397	0.9973900943529155	0.00016048333696364018
2458918.5199801964	0.9975687569368159	0.0001594944340615468
2458918.5203279965	0.9976121709222268	0.00016010980156162076
2458918.5206757965	0.9977328980406323	0.00016021091873922382
2458918.5210235957	0.9976484367112318	0.00016005270411782233
2458918.5213713897	0.9974983412202528	0.0001605162870477389
2458918.521719184	0.997562042345193	0.0001599524368378439
2458918.522066984	0.9977865526723415	0.0001600107515358845
2458918.5224147835	0.9977227460964655	0.00016048286856561067
2458918.522762583	0.997556586374071	0.00015987531826813415
2458918.523110383	0.9975237409228429	0.00016010123032032017
2458918.5234581833	0.9974865824777022	0.00016001816030862672
2458918.5238059824	0.9975873369898617	0.0001597917592397931
2458918.524153782	0.9975877598106307	0.00016012950307797187
2458918.5245015826	0.9977217539976824	0.0001602534230726516
2458918.5248493818	0.9976805951154402	0.0001601211458511113
2458918.525197182	0.9977187708380495	0.0001601243724164357
2458918.5255449815	0.9975466778319843	0.00016062430230858138
2458918.5262405695	0.9975778219419404	0.00016005814376570884
2458918.5265883687	0.9976977119918777	0.0001601203562400617
2458918.527283969	0.9974462481966382	0.00016018675778966258
2458918.5276317685	0.9975739750307847	0.0001607296310526236
2458918.5279795686	0.9975495666171	0.00016033578870110028
2458918.5283273677	0.9975163054818004	0.0001602139606807066
2458918.528675168	0.997496159943367	0.00016013840758341528
2458918.5290229674	0.9975790884763238	0.00016003472617306028
2458918.5293707675	0.9976494080602059	0.00016003658529414254
2458918.529718567	0.9976888511681034	0.00015999017900762775
2458918.530066367	0.9975993174741761	0.00015991469321172846
2458918.5304141548	0.9973894912502969	0.00016048000875315487
2458918.530761955	0.9977881043268304	0.00016054202182039421
2458918.5311097545	0.997611468098688	0.00015996117588716607
2458918.531457554	0.9977218153490427	0.00016035513418755337
2458918.531805354	0.9974975383704148	0.00016044877207740032
2458918.532153154	0.9974105376207442	0.0001603417774238635
2458918.5325009534	0.9975588897595595	0.00016024634205729366
2458918.5328487535	0.9976288442319095	0.0001600401490371865
2458918.533196553	0.9972056380942087	0.00016005734687822397
2458918.533544353	0.9976728274915513	0.0001600953609518348
2458918.5338921524	0.9975279807327119	0.00016002529160951776
2458918.5342399525	0.9975056916598696	0.00016019163026314664
2458918.5345877465	0.9977629815311173	0.00015992938337444052
2458918.53493554	0.9980473946597171	0.0001599199018030379
2458918.53528334	0.9977351456001767	0.00016018641769924795
2458918.5356311398	0.9978437517800403	0.00016006876092023052
2458918.53597894	0.9973362299282976	0.0001598269550413591
2458918.5363267395	0.9974508498083973	0.0001602296081894848
2458918.536674539	0.997625195896824	0.00016001181790007695
2458918.537022339	0.9974075625892018	0.0001603582008488619
2458918.537370139	0.9977189655515342	0.0001599392029624128
2458918.5377179384	0.9978060789368358	0.00016032079215750665
2458918.5380657385	0.9973382295305842	0.00016030355597539123
2458918.5384135377	0.997690758039884	0.00016022073441329272
2458918.5387613378	0.997574701048313	0.00015995510160302358
2458918.539109126	0.9972166963088411	0.0001603564628351664
2458918.539456926	0.9976756435792767	0.00016010091246341132
2458918.5398047254	0.9977894997207505	0.00016043520167070144
2458918.540152525	0.9975973715204235	0.00015989080235764765
2458918.540500325	0.9972436564681469	0.00016029859121045406
2458918.540848125	0.9974821753114084	0.0001602480476089561
2458918.5411959244	0.9974271773968848	0.00016000838952290325
2458918.5415437245	0.997578985271848	0.00016011273915480641
2458918.541891524	0.9977131555754185	0.00016009230217808965
2458918.5422393237	0.9974185349982119	0.00015972725520827782
2458918.5425871233	0.9975611147161217	0.00015994467432862262
2458918.5429349234	0.9975662246191082	0.00016027998167430458
2458918.5432827114	0.9976168462999816	0.00016036424509701172
2458918.5436305115	0.9977340138016774	0.00016018831678838883
2458918.543978311	0.997539995737162	0.00015974730903508448
2458918.544326111	0.9977782226229245	0.00015967261479698613
2458918.5446739104	0.997543588181844	0.00015993766365621424
2458918.54502171	0.9975807941205994	0.00015978878187875207
2458918.5453695105	0.9974755800565925	0.0001601812334938143
2458918.5457173097	0.9974658640115176	0.0001599097413074501
2458918.54606511	0.9973608871327119	0.00016006952188139185
2458918.5464129094	0.9974636187409427	0.00016022622136646338
2458918.546760709	0.9979483564879139	0.00016013244474553877
2458918.547108509	0.9977737165246686	0.0001601086602236677
2458918.5474563083	0.9976484116189537	0.00016036255541115716
2458918.547804097	0.9975582943687714	0.00016050533058048995
2458918.5481518963	0.9977221096251685	0.0001600670221090085
2458918.5484996964	0.9974902629646283	0.00015997077967229485
2458918.548847496	0.9979882407035723	0.00016007618352565948
2458918.5491952957	0.9975397845873654	0.00015985738929932418
2458918.5495430958	0.997744744661494	0.00015990198533820502
2458918.549890895	0.9974535875210787	0.00016032492332054244
2458918.5502386955	0.9975567515954042	0.00016005681228393318
2458918.550586495	0.997641327645378	0.00016014662101186894
2458918.5509342942	0.9975081772076468	0.00016040584029337112
2458918.5512820943	0.9974556754066316	0.00016009062516770522
2458918.551629894	0.9973604833929278	0.00015970991414795618
2458918.551977694	0.99766940112557	0.00016013634207003038
2458918.552325482	0.9976033355981472	0.00016023693643789512
2458918.5526732816	0.9972370278325156	0.00016048535132779117
2458918.5530210817	0.9975072737625058	0.00015996058057395548
2458918.5533688813	0.9976981767334734	0.00016016015700893234
2458918.553716681	0.9974418865071117	0.0001603680688059658
2458918.554064481	0.9976390418401233	0.00016040710580515847
2458918.5544122807	0.9980252392059235	0.00016023325231265752
2458918.5547600803	0.9975383912813727	0.00016007248011076615
2458918.55510788	0.9976396565386154	0.00016035936225558642
2458918.55545568	0.9976555317514989	0.00016030834413093513
2458918.555803479	0.9974246490453065	0.0001598805182432015
2458918.5561512792	0.9977006498351978	0.00016030062505837135
2458918.5564990677	0.9981611333789954	0.0001602883100390049
2458918.5568468673	0.9976389035212627	0.00016004209821623102
2458918.557194667	0.9977827864954217	0.00015991563339795383
2458918.5575424666	0.9975576433752206	0.0001602710617014452
2458918.5578902666	0.9977524668408765	0.00016041813894164504
2458918.5582380663	0.9975757690222413	0.00016035334832035952
2458918.558585866	0.9974118241159943	0.00015988825627494678
2458918.558933666	0.9974025842744129	0.00015993904637161784
2458918.5592814656	0.9977926247224306	0.0001600962103233296
2458918.559629265	0.9976076849628254	0.00016002618813740687
2458918.5599770653	0.9977295641266606	0.00016014845752183738
2458918.560324865	0.997786501163523	0.00016042212031959445
2458918.5606726645	0.9978488492903294	0.0001600748618680964
2458918.5610204525	0.9977354168491578	0.00016001046150439254
2458918.5613682526	0.99749188732348	0.00016004503705026167
2458918.5617160522	0.9975567595190725	0.00016003098357399463
2458918.562063852	0.9974099133739045	0.00015976594303623835
2458918.562411652	0.9976279406317369	0.00016018741532903552
2458918.5627594516	0.9975405591003574	0.00016016340311529316
2458918.563107251	0.9976439137237137	0.00016010459081369045
2458918.563455051	0.9977876338526732	0.0001602659954141407
2458918.563802851	0.9977683180994832	0.00016026238249598607
2458918.5641506505	0.9974620477963859	0.0001602023624353942
2458918.56449845	0.9979210254508276	0.00015994428174892925
2458918.56484625	0.9977451610748507	0.0001596303341557203
2458918.565194044	0.9976742129569649	0.00016001885027830585
2458918.565541838	0.9976291548202139	0.0001600152630808554
2458918.5658896375	0.9979443710822453	0.00016009392338847586
2458918.5662374375	0.9973494182003362	0.00015992004470538645
2458918.566585237	0.9975621811460966	0.00016005851697350587
2458918.566933037	0.9978733633952112	0.00016012630541533207
2458918.5672808364	0.9976898662173915	0.00016030962668543542
2458918.5676286365	0.9975657481132119	0.00016007900686098737
2458918.567976436	0.9973776845431604	0.00015992658038141487
2458918.5683242353	0.9978190728100619	0.00016049165653481766
2458918.568672036	0.997657237058727	0.0001600483176366812
2458918.5690198354	0.997704780662475	0.0001600570738902061
2458918.569367635	0.997627917348003	0.00016023727997833948
2458918.569715423	0.9978589488620466	0.0001599170353388567
2458918.570063223	0.9977489151284643	0.0001600525206197989
2458918.5704110228	0.9977513837930508	0.00016040303104555378
2458918.570758822	0.9977415755971594	0.0001602676068353644
2458918.571106622	0.9976562698974549	0.0001600174256459541
2458918.5714544337	0.9975272116302899	0.00016024992202929314
2458918.571802233	0.9974465771970598	0.0001600004831206274
2458918.572150033	0.9977857048514334	0.00016034804399863245
2458918.5724978326	0.9978779539664215	0.00016000876638888026
2458918.5728456327	0.9973572540121654	0.00016024784405362715
2458918.573193432	0.9975065861737255	0.00015997707273719724
2458918.573541232	0.9976029630299279	0.00016035725063759368
2458918.573889026	0.9976809206606988	0.00016006271579052805
2458918.5742368195	0.9976753460196909	0.00016010054502101483
2458918.5745846196	0.9976142262373808	0.00016007045081074367
2458918.574932419	0.9978570794882359	0.00016021677715208747
2458918.5752802193	0.9976089832344963	0.00016018665018076937
2458918.5756280185	0.9974832552843738	0.00016023993548456038
2458918.5759758186	0.9976760362288151	0.00016001780020022486
2458918.5763236186	0.997645348365726	0.00016027993050347545
2458918.576671418	0.9976790135077219	0.00016027731621891608
2458918.577019218	0.9980078349886174	0.00015992747867363627
2458918.5773670175	0.9974743631193875	0.00016038864399489167
2458918.577714817	0.9976016172989984	0.00016030111670816593
2458918.5780626168	0.9979634639800211	0.00015979072973788146
2458918.578410405	0.9975748142781731	0.00016028838016267653
2458918.5787582053	0.9975039755089383	0.00016026527771269224
2458918.5791060044	0.997888694450976	0.00016024135444872106
2458918.5794538045	0.9974844876874259	0.00016057123340565237
2458918.579801604	0.997578487354295	0.00015993720090965572
2458918.580149404	0.9978514558177649	0.00016017962343433528
2458918.5804972034	0.9978434271646174	0.0001601650750953971
2458918.5808450035	0.9973890493446473	0.00016008820631802225
2458918.581192803	0.997883112648244	0.0001600888274687163
2458918.5815406027	0.997594501264998	0.0001600723336543845
2458918.5818884023	0.9975742549569488	0.0001601429091603566
2458918.5822362024	0.9976904294693666	0.0001601058056309015
2458918.5825839965	0.9975368698176285	0.00015982247423327166
2458918.58293179	0.9977447750074747	0.00016011972464921597
2458918.58327959	0.9974005914684801	0.00016050862765389296
2458918.5836273897	0.9976188161741588	0.0001602594235115056
2458918.5839751894	0.9979970479223436	0.00015976879385086478
2458918.584322989	0.9976787011116	0.00016015062815886286
2458918.584670789	0.9975288869303164	0.0001597866046348045
2458918.5850185887	0.9975816745616201	0.0001600089239062027
2458918.5853663883	0.9975902774421566	0.00015997460582872262
2458918.585714188	0.9973938359904758	0.00016003459965401138
2458918.586061988	0.9976342017804815	0.0001601826327322263
2458918.5864097876	0.9980533425008313	0.00016031669997821802
2458918.586757587	0.9976135241810279	0.00016010301804950661
2458918.5871053813	0.9978798271752156	0.00016037229798219118
2458918.587453175	0.997973341550649	0.00016028201579932567
2458918.587800975	0.9977487160654142	0.0001600162588813188
2458918.5881487746	0.9978923390934715	0.0001601508960882222
2458918.5884965747	0.9978646372282791	0.00015996046346637604
2458918.5888443743	0.9976885129384208	0.00015986266348061171
2458918.5891921734	0.9977594543818047	0.00016031093980267501
2458918.5895399735	0.9978698090516299	0.00016021909618965435
2458918.589887773	0.9980056934940776	0.00016046440223140658
2458918.5902355732	0.9976704007313544	0.00016020151952852725
2458918.5905833724	0.997664435164786	0.0001607843006765989
2458918.5909311725	0.9976240014871571	0.00015965428547741337
2458918.5912789665	0.9974559604141142	0.00016019710382330013
2458918.59162676	0.9975513711867696	0.00016060899257874987
2458918.59197456	0.9978439283709821	0.0001602573285498294
2458918.59232236	0.9980244801113123	0.00016010896779281654
2458918.59267016	0.9976339700865544	0.00016010308897168363
2458918.593017959	0.997707326797713	0.0001599281917304761
2458918.593365759	0.9979555169817493	0.00016010634480121243
2458918.5937135587	0.9978050893549184	0.00016028120322702006
2458918.5940613584	0.9975891241574779	0.0001597280648590123
2458918.594409158	0.9974607740281957	0.000160458162224274
2458918.594756958	0.9974615011665768	0.00016007919438723483
2458918.5954525573	0.9976095314795437	0.00015989109275016305
2458918.595800352	0.9976851918946782	0.00016037424246383592
2458918.5961481454	0.9976539521868232	0.0001600046775931214
2458918.596495945	0.9980424622115346	0.00015994579473049164
2458918.5968437446	0.9977959756636104	0.000160137898455195
2458918.5971915447	0.9976413171555133	0.00016046056825407457
2458918.597539344	0.9976808762524352	0.0001601769863782987
2458918.597887144	0.9976968860044342	0.00016044967412298176
2458918.5982349436	0.9975972603482932	0.00015994369261266645
2458918.5985827437	0.9977019946768367	0.0001601777846202384
2458918.598930543	0.9976463958688357	0.00016014461126226596
2458918.599278343	0.9975298595940015	0.00016009695817472886
2458918.599626143	0.9975690962324698	0.00016003772659796802
2458918.599973942	0.9979022674760967	0.00015995584530108706
2458918.600321736	0.9978773661963619	0.000160251134608684
2458918.60066953	0.9979551734238247	0.0001600644170035337
2458918.6010173303	0.9977265127599936	0.0001600986491778079
2458918.6013651295	0.9979912301380389	0.00015990717288991643
2458918.6017129296	0.9978341996693871	0.00015995684862515176
2458918.602060729	0.997776479638806	0.00016035086674132912
2458918.602408529	0.9979144073965015	0.00016003119778886706
2458918.6027563284	0.9976731643833017	0.00016046896538935177
2458918.6031041285	0.9978663013825074	0.00016025853206399498
2458918.6034519277	0.9976077769100619	0.00016005331250052793
2458918.6037997277	0.9980059756990575	0.00016002874977384283
2458918.6041475274	0.9979128934579251	0.00015994071265075957
2458918.6044953214	0.9979633498037976	0.00015999395481488168
2458918.6048431154	0.9975548305487794	0.0001603756410688473
2458918.605190915	0.997834429071143	0.00016049799999247194
2458918.605538715	0.9977472167331792	0.00016004239168084807
2458918.6058865143	0.9980135062925121	0.00016023707978263707
2458918.6062343144	0.9976880882617344	0.0001601710332732739
2458918.6065821135	0.9977085772722619	0.0001599481412075763
2458918.606929914	0.9976091930503708	0.00015981856161802655
2458918.6072777133	0.9978234002589227	0.0001603975554036996
2458918.607625513	0.9979901324474479	0.00016021774063941808
2458918.607973313	0.9977797223386262	0.00016006189559203998
2458918.6083211126	0.997519521220411	0.0001599235913775576
2458918.608668912	0.998035382486277	0.0001601543960088598
2458918.6090167062	0.997898986277303	0.00016026010243413617
2458918.6093645003	0.9979100500511068	0.00016052221736587974
2458918.6097123	0.9974844636171503	0.00016007034074140192
2458918.6100600995	0.9980729793737313	0.00016063929663932635
2458918.610407899	0.9976816995731891	0.00016013093197614792
2458918.6107556988	0.9977932341169851	0.00015990349852291214
2458918.611103499	0.9977946748960771	0.0001599468575397283
2458918.6114512985	0.9980623811491744	0.00015953917189751778
2458918.6117990986	0.9976139231314861	0.0001602881800336076
2458918.612146898	0.9980292938712702	0.00016050027673571518
2458918.6124946973	0.9978471880995937	0.0001599706184787458
2458918.6128424974	0.9979459006723066	0.0001604359753878604
2458918.6131902914	0.9979348576719577	0.0001600288553216536
2458918.6135380855	0.9978741333337124	0.00016017241954049247
2458918.6138858846	0.9978803645875023	0.00016026354776570823
2458918.6142336847	0.9977416957981825	0.0001603946404161743
2458918.6145814843	0.9979859839027617	0.00016024195090049147
2458918.614929284	0.9980618051056149	0.00016042143015188834
2458918.6152770836	0.9980429048562807	0.00016022304071502957
2458918.6156248837	0.9978811437985321	0.00015998929418855983
2458918.6159726833	0.9980210378042919	0.00016023162975726328
2458918.616320483	0.9978092867321078	0.0001602648065337725
2458918.6166682825	0.9978776261751353	0.00016012573097575026
2458918.6170160826	0.9981508449185994	0.00016011221769022477
2458918.617363882	0.997885267022105	0.00015990878879942606
2458918.617711676	0.9979240176042377	0.0001603302756269097
2458918.61805947	0.9977805190143025	0.00016026648162627874
2458918.61840727	0.9978045083504851	0.00016034006093169212
2458918.618755069	0.998058741939852	0.0001602463062186715
2458918.619102869	0.9981727031784517	0.0001601910325896238
2458918.619450669	0.998140914066377	0.00015998104029020898
2458918.6197984684	0.9979333016163918	0.00016017945431762143
2458918.620146268	0.9981059750188784	0.00016009539746019466
2458918.620494068	0.9980525653331229	0.00016005513821535996
2458918.6211896674	0.9979915280740147	0.00016011021155716546
2458918.621537467	0.9978962183388345	0.00015999606228242805
2458918.621885267	0.9980429873691669	0.00016035722941479963
2458918.62223306	0.9979765234537962	0.00015998615824864974
2458918.6225808547	0.998264735751259	0.0001598831442047522
2458918.622928655	0.9980102216757142	0.0001602247635640275
2458918.623276454	0.9980647413151095	0.0001598612015901197
2458918.623624254	0.9981762610447843	0.00016013572083523
2458918.6239720536	0.9979830575028029	0.00016007896349224112
2458918.6243198537	0.997889610219919	0.0001598975472184375
2458918.624667653	0.998082709743523	0.00016019533142226238
2458918.6250154525	0.9983746882334008	0.00016010137461012637
2458918.6253632526	0.9982923167559387	0.00015990641867325657
2458918.625711052	0.998090527752286	0.0001602004479575438
2458918.626058852	0.9979808588431144	0.00016042282167112135
2458918.626406646	0.9982717767361408	0.00016019036148348653
2458918.62675444	0.9980215345837747	0.00016036652490309842
2458918.6271022395	0.9984846510817496	0.0001599359766277825
2458918.6274500387	0.9986025047264553	0.0001600127709207572
2458918.627797839	0.9983404218995178	0.00016005854811282737
2458918.6281456384	0.9985994037534318	0.0001604599722938561
2458918.6284934385	0.9983425988566398	0.00016032086291549655
2458918.6288412376	0.9980823997897414	0.00016031018165639643
2458918.6291890433	0.9984972330840974	0.00016041540091185413
2458918.629536849	0.9986644032878399	0.00016015613954721618
2458918.6298846486	0.9989851362908639	0.00015995230144871618
2458918.630232448	0.9984322204620959	0.00015992764537926365
2458918.6305802483	0.9985690158132168	0.0001603825327144723
2458918.630928042	0.9987193430041205	0.00016026803510507944
2458918.631275836	0.999058951421659	0.00016014169159244996
2458918.6316236355	0.999145149568732	0.00016042283025930514
2458918.6319714356	0.9988055409560266	0.0001603671614505148
2458918.632319235	0.998966999271201	0.00015997311364918888
2458918.632667035	0.9991485224454278	0.00016036647225555606
2458918.6330148345	0.9991351165404132	0.00016040340429736695
2458918.633362634	0.9991407811521321	0.00016010363382379633
2458918.6337104337	0.9994789736783403	0.00016021986525577872
2458918.634058234	0.9992027833777823	0.00015971560008414353
2458918.634406033	0.9993035169092696	0.0001599086486346718
2458918.634753833	0.9992562855312658	0.00016018852528108316
2458918.6351016327	0.9991219403392506	0.0001601737668617006
2458918.635449421	0.9992330302462675	0.00016001378219940358
2458918.6357972203	0.9993031192879106	0.0001601118697789114
2458918.63614502	0.9992767589931331	0.0001600393021765061
2458918.637884019	0.9996295369206311	0.0001599573638829977
2458918.638231818	0.9997661177872103	0.00016041584716530832
2458918.638579618	0.9999513910214218	0.00015983212612838735
2458918.638927418	0.999666940671473	0.00016026206201923853
2458918.6392752174	0.9998937918783347	0.00016018929593215715
2458918.639623011	1.0000926255273974	0.00016001217901114078
2458918.6399708055	0.999656611887643	0.00016025074396216354
2458918.640318605	0.9997576418524562	0.00016040872107953873
2458918.6406664047	0.9998344840320516	0.0001600050145285498
2458918.6410142044	1.0002902291508364	0.00016037241256811554
2458918.6413620044	1.0000026261601604	0.00016004684248068307
2458918.6417098036	0.9998338113941835	0.00016025797078085958
2458918.6420576037	0.999840867832186	0.00016000554172802803
2458918.6424054033	0.9997917980074207	0.00015944188542729192
2458918.6427532034	1.0002168254153483	0.0001600279757602228
2458918.6431010026	0.9997995688907647	0.00015973329732510191
2458918.643448802	0.9999616385713155	0.00016025688117216993
2458918.6437966023	0.9998066385258282	0.0001601494408014232
2458918.6441443963	1.0001340917710502	0.0001601431534996698
2458918.64449219	0.9996548483505181	0.00016035380129056422
2458918.64483999	0.9997726494775143	0.00015985504674764564
2458918.6451877896	0.9999230431534087	0.0001600403718358262
2458918.645535589	1.0000296655451204	0.00016019848120754583
2458918.6458833884	0.9999498977630449	0.00016012909096762575
2458918.646231189	1.0000290346868677	0.00015996405844223634
2458918.646578988	0.9999544420377292	0.00016038590578118004
2458918.646926788	0.9998921493525104	0.00016004610857910933
2458918.6472745873	1.0000986425837086	0.00016016771650616802
2458918.647622387	0.9999592459305159	0.00015997271850181046
2458918.647970187	1.0002373067307242	0.00016003224464630728
2458918.6483179806	0.9998201180552017	0.00016040224390467415
2458918.6486657807	0.999896503500738	0.00016011819190648547
2458918.6490135742	1.0001664170020985	0.00016058014922775937
2458918.6493613743	1.0002280911840389	0.00016009511066082685
2458918.6497091735	1.0000461083817747	0.00016019561195437923
2458918.6500569736	0.9998470684889396	0.00016033439096027746
2458918.650404773	0.9998562847807816	0.00016016703512820407
2458918.650752573	0.9999694212325491	0.00016009952709349756
2458918.6511003724	0.9998504574774447	0.0001598411450988486
2458918.6514481725	1.0000466005136077	0.00016023348509875752
2458918.6517959717	0.9999799943183102	0.0001601232048890766
2458918.6521437718	0.9999309178754133	0.000160005419294603
2458918.6524915714	0.9998374884522948	0.00016040233610374336
2458918.6528393654	1.000260657570873	0.00016014703474479696
2458918.653187159	1.0001151754031592	0.00015987438465285986
2458918.653534959	1.0000267699787755	0.0001601432947588142
2458918.6538827587	1.0001710278725897	0.0001602149103496178
2458918.654230558	0.9998457442599112	0.00016003559235157206
2458918.654578358	1.0002457502452455	0.00016008103526878343
2458918.6552739576	1.000160034778356	0.0001600257505065013
2458918.655621757	1.0003305145753578	0.00016027625652991075
2458918.655969557	0.999756893981935	0.0001600192656579347
2458918.6563173565	0.9998212814022227	0.00016018614095203595
2458918.656665156	0.9998824461474389	0.000160239951558351
2458918.6570129558	1.0002560914038168	0.0001598776280278685
2458918.65736075	1.000093147048668	0.00015991326890581447
2458918.657708544	1.000035880913066	0.00016033700891370976
2458918.6580563434	0.9999187841390371	0.00016022339705243686
2458918.658404143	0.9998936422603224	0.00015968947439968327
2458918.658751943	0.9999206532914506	0.00015989494752403197
2458918.6590997423	0.9999198796581843	0.00016038193680938568
2458918.659447542	1.000055380814285	0.00016008490018577185
2458918.659795342	1.0001868138108716	0.0001602701766195819
2458918.660143141	0.9998985654815643	0.00016013462411624892
2458918.6604909413	1.0000670707795163	0.00016012382810982022
2458918.660838741	1.000009640542492	0.00015996925637438487
2458918.661186541	1.0000762137426473	0.00015971957825293605
2458918.661534334	1.0000802581021884	0.0001602823488859493
2458918.6618821286	0.999814591316613	0.00016016624922384436
2458918.662229928	1.0000341089854463	0.00016024615085231025
2458918.662577728	1.0000780709837644	0.00015977567849785764
2458918.6629255274	1.0001447300839288	0.0001600916290004203
2458918.6632733275	1.000203451615348	0.00016010844697437812
2458918.663621127	0.9998410100752475	0.00016021758271872653
2458918.6639689263	0.9999727367179575	0.00015996597755052927
2458918.664316726	0.9997628639088169	0.0001596963572257405
2458918.664664526	1.0000860388118669	0.00016036448904488336
2458918.6650123256	0.9999919173829434	0.00016028248472436588
2458918.6653601252	0.9999461895447336	0.00015998744756755027
2458918.6657079253	1.0000103580260602	0.000160078854766073
2458918.666055719	1.0002057442025065	0.00016009319319327666
2458918.666403513	0.9999888527787253	0.0001603245794520253
2458918.666751312	1.0000672986350332	0.00016022627110240059
2458918.6670991126	0.9998261540539255	0.00016013652884719906
2458918.667446912	0.9999441050228988	0.00016031368856036685
2458918.6677947114	0.9999899869518153	0.00016019964455195546
2458918.668142511	0.9999269898940666	0.00016037053059101138
2458918.6684903107	1.00010493838772	0.0001600573230836627
2458918.6688381108	1.000099448963323	0.00016008035612468557
2458918.66918591	1.0000439555177885	0.0001601992751073815
2458918.6695337105	1.0002472307488648	0.00016034449980298663
2458918.6698815096	1.000085850458945	0.0001599301274487506
2458918.6702293092	1.0001167119136285	0.00016021305145386358
2458918.6705771033	1.0002819980702191	0.0001600711624115087
2458918.670924898	1.0000529697620055	0.00016020998325498988
2458918.671272697	0.9998553435920923	0.00016041391906564416
2458918.671620496	0.9999478560888038	0.00016016588862058638
2458918.671968296	1.0001318263429395	0.00015990046769577638
2458918.672316096	0.9998354601382838	0.00016025644568387048
2458918.672663896	0.999735531439671	0.0001604621747761127
2458918.6737072947	1.0000343301329706	0.00016044245943840025
2458918.6740550944	1.0001377224496872	0.00016025865102391488
2458918.674402894	1.0000179357659635	0.00015995450061805755
2458918.6747506876	1.000143329130969	0.00015985788016585959
2458918.675098482	1.0001702645151207	0.00016010882467407732
2458918.675446281	0.9999813304766986	0.00016050404005201908
2458918.6757940813	1.0002141104527438	0.00016028543890353106
2458918.676141881	0.9999055782159489	0.00016038521601977678
2458918.6764896805	1.0000596147042788	0.00016012471731934085
2458918.67683748	0.9999946432117182	0.00016007256985817875
2458918.6771852802	1.0002158702319504	0.00015996793286306542
2458918.6775330794	1.0000655426039462	0.00016074056212649163
2458918.677880879	0.9999681953379619	0.00016041187386933725
2458918.678228679	1.0000779651204594	0.00016026155977095575
2458918.6785764787	0.9999847580550677	0.00016041544318846923
2458918.6789242784	1.000019539928629	0.0001603839981745866
2458918.679272072	0.9999369985232189	0.00015998783154501752
2458918.6796198664	1.0002800056693624	0.0001600324823537798
2458918.6799676656	0.9999598982807227	0.00015981088676783004
2458918.680315465	1.000304137193908	0.00016020492883286362
2458918.6806632653	0.9997746650040727	0.00016001029428984923
2458918.681011065	0.9999694002838778	0.00016036444409785408
2458918.6813588645	1.000128960715397	0.00016006876559757752
2458918.681706664	1.0001731985516147	0.00016010718896550984
2458918.6820544642	0.9997559660743246	0.0001600152917260006
2458918.6824022634	0.9999002316329869	0.00016015029810610698
2458918.6827500635	0.9998392083689697	0.00016025948043499628
2458918.683097863	0.9999099145632706	0.00015990398423431466
2458918.6834456623	1.0002143190025157	0.00015999447993146572
2458918.6837934563	0.9999776165228392	0.00016014933572912893
2458918.68414125	1.0000381730459655	0.00016017308396076732
2458918.6844890504	1.0000387770175172	0.00016032365021267066
2458918.6848368496	1.0000034690472106	0.00016019260629497633
2458918.6851846497	1.0000077371864	0.00016000412460948936
2458918.6855324493	0.999961654609632	0.00016020442010684167
2458918.6858802484	0.9998552587063982	0.00016026114628987196
2458918.6862280485	1.000168115675409	0.00016013575245753654
2458918.6865758477	0.9995783734523648	0.00015996979956775468
2458918.686923648	0.9998351417802759	0.0001602706479521333
2458918.687271453	1.00002974806297	0.00016030235083864722
2458918.6876192586	1.0000542674463107	0.00016017557303459488
2458918.6879670527	0.999950812293803	0.00016029813518163101
2458918.6883148463	1.000224061945126	0.00016028171433824323
2458918.6886626463	0.999917860383019	0.000160171112028396
2458918.6890104455	0.9999966286823698	0.00015984644753860587
2458918.6893582456	1.0000164658327566	0.0001599660025344744
2458918.689706045	0.9999790071147084	0.00015978229357104575
2458918.690053845	1.000050141740376	0.00016010657821126825
2458918.6904016444	0.9997872857562723	0.0001601453074872948
2458918.690749444	0.9998926078555679	0.000160136787530301
2458918.6910972437	0.9998674741809946	0.00016053000297751015
2458918.6914450433	1.0001389923717485	0.00016009993710634166
2458918.6917928434	0.999889878290965	0.000159895706157525
2458918.692140643	1.0002095671784441	0.00016032335860536773
2458918.692488436	0.999995571334921	0.00016033161729203308
2458918.6928362306	0.9998194137264148	0.00016031547248706638
2458918.6931840302	1.0001223136539183	0.00016001081248721006
2458918.69353183	0.9998744872956087	0.00016032213023664763
2458918.6938796295	1.0001273954319474	0.0001600758475226688
2458918.6942274296	1.00011603716414	0.00016012004985316958
2458918.694575229	0.9999247117115523	0.00016027318928829113
2458918.6949230283	0.9999491037154354	0.00016016455920392364
2458918.6952708284	1.0001382711708544	0.00015977665838103451
2458918.695618628	0.9998810204728856	0.00016037589073770054
2458918.6959664277	0.9999998837192866	0.00016011175861702697
2458918.6963142273	1.0002727413089483	0.00015999509583213917
2458918.6966620274	1.0000857236221674	0.00016014392106893387
2458918.6970098154	0.9999042644754551	0.00016018374396770466
2458918.6973576145	0.9999787420406581	0.000160477182519434
2458918.6977054146	0.9999062181374854	0.0001598549130804145
2458918.6980532142	1.0002440366777408	0.00016014550001531392
2458918.698401014	0.9998776820880828	0.0001600242739986064
2458918.6987488135	1.0001971423403326	0.00016007280668273123
2458918.699096613	0.9998822343350913	0.00016020395172388762
2458918.6994444127	1.0000254752615694	0.0001597784277738711
2458918.6997922123	1.0001625313367601	0.00016041736757167063
2458918.7001400124	0.9998977146480079	0.00016000628304292831
2458918.700487812	0.9997395315546432	0.00016017774504980533
2458918.7008356117	0.999885178786022	0.00015996409351557854
2458918.701183411	0.999977447350201	0.0001598941027990935
2458918.7015311993	0.9998234083641563	0.00015972353624918394
2458918.7018789994	0.9999595081571054	0.00016001547801589602
2458918.7022267985	1.0000610443522122	0.000160284932339532
2458918.7025745986	1.0000380506543263	0.00016008422101230918
2458918.702922398	0.9998989409978174	0.00016055479820148042
2458918.7032701974	0.9998649645272633	0.0001600699757686658
